621988.00 6088495.00 54.928509634126698 -67.096264030137178
621900.00 6089268.00 54.935473877492164 -67.097308707024368
621534.00 6089464.00 54.937323518669160 -67.102935082420188
621630.00 6089558.00 54.938144401477238 -67.101397713962285
621764.00 6089263.00 54.935462164899810 -67.099432297386599
621760.00 6089389.00 54.936594818434216 -67.099441309555786
621264.00 6090266.00 54.944592435540876 -67.106808525594047
621335.00 6090164.00 54.943659053415374 -67.105743823865438
622343.00 6088804.00 54.931198063772904 -67.090595850788418
622380.00 6088952.00 54.932518260798993 -67.089955741828405
622261.00 6088980.00 54.932798902870992 -67.091799976056549
622417.00 6088835.00 54.931458350552852 -67.089428448061284
632658.00 6076864.00 54.821333594120084 -66.935213020934171
633207.00 6075975.00 54.813204063661814 -66.927083228872831
633241.00 6076003.00 54.813446492605735 -66.926541635611159
633040.00 6075887.00 54.812458088964938 -66.929720560109132
633340.00 6076053.00 54.813869215139540 -66.924979125362356
633138.00 6075726.00 54.810986165060356 -66.928270672631939
633380.00 6076091.00 54.814199846378358 -66.924339600792280
634522.00 6075173.00 54.805650467385306 -66.907007280838414
632841.00 6076081.00 54.814253133359742 -66.932726026359973
633211.00 6076310.00 54.816211572747441 -66.926866908981211
633141.00 6076374.00 54.816804939154878 -66.927926079611296
633051.00 6076540.00 54.818319648441872 -66.929249441399122
632964.00 6076037.00 54.813825373275748 -66.930833489647398
633627.00 6075550.00 54.809275476892616 -66.920748218780105
633296.00 6076011.00 54.813503720600252 -66.925682682402737
633389.00 6075869.00 54.812203714925303 -66.924301904268532
634184.00 6075350.00 54.807330600336691 -66.912180264924913
634283.00 6089050.00 54.930338590361167 -66.904266269357535
633785.00 6075462.00 54.808443042901686 -66.918332168089378
633098.00 6076450.00 54.817498898851554 -66.928559862507697
633556.00 6075834.00 54.811844934627842 -66.921721218155554
632220.00 6075728.00 54.811247022297081 -66.942544266666047
632072.00 6075803.00 54.811959593639344 -66.944811421590558
633218.00 6076323.00 54.816326463282692 -66.926752067231064
633372.00 6075517.00 54.809046993848803 -66.924728346850813
633218.00 6075895.00 54.812482676110420 -66.926948977803335
632137.00 6075771.00 54.811655079927768 -66.943815273217581
631951.00 6075887.00 54.812745847064726 -66.946654698604647
632329.00 6075618.00 54.810230370982154 -66.940899610206884
632535.00 6075355.00 54.807813996595414 -66.937816800526349
632690.00 6075400.00 54.808177149505333 -66.935386199283982
632684.00 6075667.00 54.810576628519492 -66.935357181092542
626671.00 6081134.00 54.861232618942601 -67.026465121457463
626887.00 6080876.00 54.858860737352423 -67.023215444685448
626866.00 6080854.00 54.858668472016028 -67.023552054630869
626600.00 6080979.00 54.859858481055383 -67.027638535222124
626636.00 6081143.00 54.861322307219638 -67.027006114399114
626727.00 6081107.00 54.860975948480025 -67.025605068279518
626692.00 6081150.00 54.861371004469433 -67.026131136386368
625297.00 6083546.00 54.883241579335390 -67.046810676697987
625275.00 6083524.00 54.883049500536934 -67.047162960233450
625318.00 6083565.00 54.883406963559615 -67.046475272213740
625253.00 6083501.00 54.882848439309676 -67.047515674822634
625166.00 6083845.00 54.885959815122554 -67.048721638188567
625188.00 6083866.00 54.886142916837727 -67.048369770497104
625208.00 6083886.00 54.886317536915058 -67.048049493156228
625209.00 6083672.00 54.884395272528977 -67.048126857670297
625231.00 6083694.00 54.884587354026060 -67.047774566756416
625406.00 6083439.00 54.882253252922638 -67.045159170417321
625384.00 6083417.00 54.882061178878978 -67.045511452958706
625362.00 6083395.00 54.881869103780993 -67.045863732150366
625340.00 6083374.00 54.881686008997988 -67.046215573318520
625426.00 6083459.00 54.882427864774662 -67.044838910654704
625493.00 6083310.00 54.881072835255765 -67.043860026504845
625471.00 6083289.00 54.880889746272096 -67.044211869595117
625449.00 6083267.00 54.880697674876501 -67.044564144523974
625428.00 6083247.00 54.880523314379360 -67.044899968883868
625581.00 6083182.00 54.879901134357624 -67.042544945540527
625559.00 6083161.00 54.879718049116583 -67.042896784164540
625537.00 6083140.00 54.879534962825524 -67.043248619601968
625341.00 6083588.00 54.883607771037610 -67.046106969035662
625646.00 6083034.00 54.878555570659991 -67.041596915477569
625624.00 6083011.00 54.878354525365047 -67.041949617600750
625602.00 6082991.00 54.878180423072081 -67.042301009749067
625952.00 6082820.00 54.876556608219637 -67.036923955293730
625865.00 6082734.00 54.875806111319683 -67.038316570238806
626429.00 6082263.00 54.871433699309954 -67.029738460460777
626390.00 6082225.00 54.871102263417832 -67.030362479596292
626503.00 6082163.00 54.870516865538200 -67.028629849994331
626362.00 6082288.00 54.871675157765651 -67.030770949325259
625301.00 6083552.00 54.883294465379514 -67.046745755622780
625270.00 6083642.00 54.884110554856591 -67.047189582978632
626005.00 6082657.00 54.875079304904069 -67.036169643903477
625722.00 6082979.00 54.878042500274631 -67.040437073890729
625624.00 6083054.00 54.878740723460581 -67.041930887913679
626906.00 6083669.00 54.883940568313236 -67.021691210213945
619893.00 6086066.00 54.907200447441539 -67.129951099997257
619808.00 6086109.00 54.907607052222723 -67.131258220326885
619704.00 6086221.00 54.908637938474925 -67.132832861923589
619546.00 6086365.00 54.909969145961341 -67.135236121731694
619430.00 6086465.00 54.910895068949785 -67.137003015421797
619990.00 6085946.00 54.906099351467248 -67.128489038156516
619614.00 6086432.00 54.910554650111493 -67.134148192854695
619316.00 6086568.00 54.911847434479697 -67.138737566139142
619232.00 6086698.00 54.913035125310472 -67.139993293189576
619129.00 6086597.00 54.912152534505161 -67.141640948140335
618948.00 6086847.00 54.914441122257855 -67.144359487885765
619931.00 6085889.00 54.905601554986070 -67.129432471311844
619463.00 6086327.00 54.909647690816165 -67.136545823283953
619376.00 6086412.00 54.910431939317697 -67.137866851065738
619548.00 6086581.00 54.911908734239233 -67.135115228664958
628995.00 6081603.00 54.864851204195176 -66.990072185508851
628986.00 6081636.00 54.865149899902505 -66.990197576303018
629034.00 6081681.00 54.865541674825067 -66.989430057551800
611079.00 6081030.00 54.864001923359368 -67.269296636686718
634872.00 6081071.00 54.858524241939229 -66.898815602799615
629304.00 6081098.00 54.860236023029380 -66.985487010818545
631473.00 6081022.00 54.858988464475189 -66.951753145354814
631606.00 6080803.00 54.856986702562793 -66.949782389033757
620358.00 6086157.00 54.907905992919659 -67.122664474004068
620391.00 6086191.00 54.908203421389274 -67.122135831341666
642114.00 6064421.00 54.707002735528022 -66.794238230160005
641987.00 6064426.00 54.707083474877869 -66.796205350490112
631296.00 6081251.00 54.861091548237866 -66.954404581283271
630545.00 6080318.00 54.852908741534563 -66.966518704039004
622615.00 6084334.00 54.890983833391800 -67.088257602304253
622706.00 6084333.00 54.890952525968984 -67.086840088429170
622891.00 6084045.00 54.888320398609821 -67.084080271385730
622909.00 6083974.00 54.887678283618257 -67.083830094067523
622908.00 6084025.00 54.888136588953444 -67.083823927816184
623048.00 6083737.00 54.885515469867471 -67.081765578875377
623214.00 6083519.00 54.883516619886301 -67.079272537413104
623396.00 6083228.00 54.880858120949917 -67.076561731814664
625678.00 6082553.00 54.874227501929091 -67.041308039482118
625471.00 6082863.00 54.877063685594692 -67.044397203151348
625018.00 6083442.00 54.882377337197092 -67.051202152183080
624974.00 6083399.00 54.882002133965571 -67.051906226027100
625220.00 6083173.00 54.879910810424988 -67.048172191213780
625267.00 6083046.00 54.878758406339685 -67.047495230002170
625230.00 6083098.00 54.879234703113511 -67.048048987659882
625101.00 6083225.00 54.880407620907299 -67.050003312983634
625060.00 6083349.00 54.881531567058566 -67.050588207046346
624917.00 6083436.00 54.882348685961865 -67.052778141345826
624948.00 6083460.00 54.882556495691830 -67.052284820057622
624985.00 6083500.00 54.882906506287370 -67.051691088577442
624823.00 6083594.00 54.883791218452842 -67.054174083414068
624729.00 6083674.00 54.884533185027976 -67.055603870409186
624627.00 6083775.00 54.885465738782472 -67.057149265954649
624490.00 6083993.00 54.887457815372088 -67.059189494960975
624872.00 6083555.00 54.883428711003205 -67.053427619501832
625079.00 6083289.00 54.880987932238511 -67.050318254859320
625340.00 6083032.00 54.878614379782192 -67.046364217702560
624824.00 6083679.00 54.884554388527469 -67.054121703861540
624955.00 6083508.00 54.882985853967845 -67.052154971104272
625449.00 6082883.00 54.877248830741301 -67.044731176437026
625699.00 6082572.00 54.874392871607242 -67.040972688586336
624379.00 6084270.00 54.889973296213626 -67.060799358042757
621218.00 6085830.00 54.904761088043585 -67.109396029521349
621073.00 6085941.00 54.905793207121476 -67.111609512266853
621543.00 6085332.00 54.900209285327819 -67.104540358379694
621445.00 6085492.00 54.901670173016626 -67.106000268550318
621400.00 6085577.00 54.902444547079234 -67.106665809853098
621236.00 6085758.00 54.904110041315121 -67.109145773221854
621305.00 6085702.00 54.903590323522856 -67.108093859845525
621357.00 6085577.00 54.902454990843708 -67.107336023402510
621393.00 6085425.00 54.901081035364548 -67.106838984185870
621389.00 6085353.00 54.900435327357499 -67.106931673495808
621380.00 6085301.00 54.899970466762795 -67.107093857918642
621567.00 6085228.00 54.899269356859179 -67.104210201637514
621380.00 6085499.00 54.901748835692622 -67.107010412132936
621706.00 6085364.00 54.900457031610081 -67.101986407259787
621382.00 6085622.00 54.902853093947215 -67.106927396945267
621750.00 6085235.00 54.899287684334290 -67.101355171956513
611079.00 6085399.00 54.903246413746423 -67.267613373477687
624625.00 6085385.00 54.899926306635379 -67.056484117017988
621458.00 6085359.00 54.900472453731723 -67.105853738606996
621486.00 6085325.00 54.900160272177196 -67.105431683345259
621501.00 6085313.00 54.900048846027417 -67.105202963546319
625668.00 6081902.00 54.868383148623387 -67.041747319355210
620429.00 6086888.00 54.914454522396035 -67.121251826411779
621527.00 6085488.00 54.901614313354436 -67.104723901008796
619661.00 6086172.00 54.908208131171683 -67.133523556267335
621496.00 6085445.00 54.901235639608593 -67.105225207710703
621464.00 6085418.00 54.901000913204548 -67.105735342913803
621427.00 6085390.00 54.900758417772209 -67.106323822328307
621202.00 6085293.00 54.899941810599181 -67.109871430118730
621609.00 6085264.00 54.899582478798649 -67.103540428072748
621694.00 6085181.00 54.898816313907155 -67.102250751600508
621895.00 6086189.00 54.907820802944322 -67.098691507168169
622101.00 6085920.00 54.905354456321362 -67.095594391405200
622097.00 6086002.00 54.906091924468036 -67.095621968029491
622127.00 6085904.00 54.905204397063173 -67.095195906020990
622160.00 6085894.00 54.905106514854566 -67.094685767252173
622140.00 6085838.00 54.904608434576971 -67.095021267273083
622193.00 6085754.00 54.903841023936529 -67.094230797676516
621962.00 6086168.00 54.907615839503144 -67.097655983974704
623784.00 6085136.00 54.897898917544502 -67.069698130213197
623993.00 6084786.00 54.894703605810719 -67.066591661050396
623932.00 6084897.00 54.895715674735158 -67.067494477834217
634634.00 6075014.00 54.804192483453932 -66.905339881755452
