Table2
GROUND TEMPERATURE, PERMAFROST AND SEASONAL THAWING CHANGES IN BOREHOLES UNDER NATURAL CONDITIONS
Area    Burenkhaan      Terkh
Boreholes       20      21      206     15

date          ,05/07/1983,26/09/1996,05/07/1983,26/09/1996,09/07/1983,27/09/1996,20/10/1969,15/10/1986

          1   ,  4.90,  7.00,  2.20,  3.10,  5.00,  2.10,  3.10,999.99
          3   , -0.25,  4.80, -0.95,  4.80, -0.30,  0.50, -0.40, -0.30
          5   ,  0.30,  3.20, -0.65,  1.40, -0.90, -0.45, -1.15, -1.05
         10   ,  1.45,  2.25, -0.20,  0.15, -0.90, -0.60, -1.90, -1.75
depth[m] 15   ,  1.90,  2.30,  0.00,  0.30, -0.75, -0.50, -2.05, -1.85
         20   ,  2.00,  2.35,  0.20,  0.45, -0.65, -0.45, -1.95, -1.75
         25   ,  2.05,  2.40,  0.25,  0.50, -0.45, -0.30, -1.80, -1.6
         30   ,  2.10,999.99,  0.30, -0.25, -0.15, -1.70, -1.55,999.99
         40   ,  2.25,999.99,  0.35,  0.05,  0.10, -1.50, -1.40,999.99
         50   ,  2.40,999.99,  0.40,  0.35,  0.40, -1.25, -1.20,999.99

measured T    ,  2.00,  2.35,  0.00,  0.30, -0.75, -0.50, -2.05, -1.85
         H    ,999.99,999.99, 19.00,  0.00, 37.00, 36.50,105.00,999.99
         h    ,999.99,999.99,999.99,999.99,  3.50,  3.70,  2.35,  2.50
         10-2g,  1.50,999.99,  1.00,999.99,  3.00,  2.70,  2.20,  1.70
         t    ,  0.27,  0.23,  0.19,  0.12,999.99,999.99,999.99,999.99
         z    ,999.99,999.99, 15.00,  9.00,999.99,999.99,999.99,999.99

t-increase in T for 10 years, 0C,
z-increase in h for 10 years, cm
g-temperature gradient, 0C/m

Table 3
GROUND TEMPERATURE, PERMAFROST AND SEASONAL THAWING CHANGES IN BOREHOLES UNDER NATURAL CONDITIONS
Area    Erdenet Baganuur
Boreholes       34      12      142

date          ,29/07/1970,17/09/1996,17/09/1976,18/10/1996,18/09/1976,20/06/1996

          1   ,999.99,999.99,  5.50,  2.00,  6.30,  2.60
          3   ,  1.10,  7.00,  0.35,  1.20,  1.70, -0.07
          5   ,  0.60,  4.20, -0.35, -0.24, -0.57, -0.10
         10   ,  1.85,  2.75, -0.20, -0.10, -0.55, -0.12
depth[m] 15   ,  2.30,  2.95,  0.10,999.99, -0.48, -0.80
         20   ,  2.45,  3.00,999.99,999.99,  0.40,  0.08
         25   ,  2.55,  3.05,999.99,999.99, -0.30,999.99
         30   ,  2.75,999.99,999.99,999.99, -0.20,999.99
         40   ,  3.00,999.99,999.99,999.99,  0.05,999.99
         50   ,  3.25,999.99,999.99,999.99,  0.30,999.99

measured T    ,  2.45,  3.00, -0.35, -0.23, -0.50, -0.10
         H    ,999.99,999.99, 13.50, 13.00, 38.00,>35.00
         h    ,999.99,999.99,  3.30,  3.50,  3.50,  3.80
         10-2g,  2.50,999.99,999.99,999.99,  1.40,999.99
         t    ,  0.21,  0.06,  0.20,999.99,999.99,999.99
         z    ,999.99, 10.00, 15.00,999.99,999.99,999.99


